_viz_ace_editor = nengo_gui.components.AceEditor()
_viz_net_graph = nengo_gui.components.NetGraph()
_viz_sim_control = nengo_gui.components.SimControl()
_viz_config[_viz_sim_control].kept_time = 4.0
_viz_config[_viz_sim_control].shown_time = 0.5
_viz_config[cue].pos=(0.18367457180374974, 0.20511745877594148)
_viz_config[cue].size=(0.04008462576221831, 0.044490580682748325)
_viz_config[decision].pos=(0.3986191363605582, 0.5744995173011324)
_viz_config[decision].size=(0.07060434946914874, 0.0995405582679802)
_viz_config[inputs].pos=(0.4038078116838877, 0.25448835250808555)
_viz_config[inputs].size=(0.07623953058753163, 0.10748523984471674)
_viz_config[model].pos=(-0.0530127667218672, 0.014662851158479772)
_viz_config[model].size=(0.5225020088280719, 0.5225020088280719)
_viz_config[model].expanded=True
_viz_config[model].has_layout=True
_viz_config[noise_decision].pos=(0.1766841205020281, 0.5887982072037143)
_viz_config[noise_decision].size=(0.0349490222561228, 0.04328385417585153)
_viz_config[noise_wm].pos=(0.5470044942975123, 0.07361193142816307)
_viz_config[noise_wm].size=(0.03494902225612276, 0.04328385417585152)
_viz_config[ramp].pos=(0.18310099553885947, 0.3430718442814319)
_viz_config[ramp].size=(0.03755632023469413, 0.04017466060810225)
_viz_config[wm].pos=(0.7321601467619009, 0.264661096911408)
_viz_config[wm].size=(0.1, 0.1)